order_last: stk 0, tmp 3, sgn 1
_____ IN: n=84, ct0 3, ct1 52
a: 54 52 53 // b: 49 50 51 48 47 45 44 41 35 34 40 46 42 37 39 38 36 43 23 9 3 18 7 20 26 31 6 21 1 13 22 5 24 15 17 0 19 29 33 2 16 8 32 27 14 25 4 30 11 10 28 12
a: 52 53 54 // b: 51 -2 -3 -4 -5 -6 -7 -8 -9 -10 -11 -12 -13 -14 -15 -16 -17 -18 -19 -20 -21 -22 -23 -24 -25 -26 -27 -28 -29 -30 -31 -32 -33 -34 -35 -36 -37 -38 -39 -40 -41 -42 -43 -44 -45 -46 -47 -48 -49 -50 -51 -52 (pos)

part_tns 4, tol 200
_____OUT: n=85

order_last: stk 1, tmp 5, sgn 1
_____ IN: n=85, ct0 3, ct1 52
a: 52 53 54 // b: 49 50 51 48 47 45 44 41 35 34 40 46 42 37 39 38 36 43 23 9 3 18 7 20 26 31 6 21 1 13 22 5 24 15 17 0 19 29 33 2 16 8 32 27 14 25 4 30 11 10 28 12
a: 47 53 54 // b: 46 45 44 43 42 -6 -7 -8 -9 -10 -11 -12 -13 -14 -15 -16 -17 -18 -19 -20 -21 -22 -23 -24 -25 -26 -27 -28 -29 -30 -31 -32 -33 -34 -35 -36 -37 -38 -39 -40 -41 -42 -43 -44 -45 -46 -47 -48 -49 -50 -51 -52 (pos)

part_tns 558, tol 200
_____OUT: n=93

order_last: stk 0, tmp 5, sgn 1
_____ IN: n=106, ct0 13, ct1 42
a: 43 42 46 44 45 47 48 49 50 51 52 53 54 // b: 23 9 3 18 7 20 26 31 6 21 1 13 22 5 24 15 17 0 19 29 33 2 16 8 32 27 14 25 4 30 11 10 28 12 41 35 34 40 37 39 38 36
a: 42 43 44 45 46 52 53 54 55 56 57 58 59 // b: 41 45 44 43 42 41 40 39 38 37 36 35 34 33 32 31 30 29 28 27 26 25 24 23 22 21 20 19 18 17 16 15 14 13 12 11 10 9 8 7 6 5 (pos)

part_tns 9, tol 200
_____OUT: n=119

order_last: stk 0, tmp 3, sgn 1
_____ IN: n=130, ct0 16, ct1 39
a: 41 40 39 42 43 44 45 46 47 48 49 50 51 52 53 54 // b: 35 34 37 38 36 23 9 3 18 7 20 26 31 6 21 1 13 22 5 24 15 17 0 19 29 33 2 16 8 32 27 14 25 4 30 11 10 28 12
a: 39 40 41 45 46 47 48 49 50 51 52 53 54 55 56 57 // b: 38 40 39 38 37 36 35 34 33 32 31 30 29 28 27 26 25 24 23 22 21 20 19 18 17 16 15 14 13 12 11 10 9 8 7 6 5 4 3 (pos)

part_tns 5, tol 200
_____OUT: n=135

order_last: stk 1, tmp 5, sgn 1
_____ IN: n=135, ct0 16, ct1 39
a: 39 40 41 42 43 44 45 46 47 48 49 50 51 52 53 54 // b: 35 34 37 38 36 23 9 3 18 7 20 26 31 6 21 1 13 22 5 24 15 17 0 19 29 33 2 16 8 32 27 14 25 4 30 11 10 28 12
a: 34 40 41 39 46 47 48 49 50 51 52 53 54 55 56 57 // b: 33 32 31 30 29 36 35 34 33 32 31 30 29 28 27 26 25 24 23 22 21 20 19 18 17 16 15 14 13 12 11 10 9 8 7 6 5 4 3 (pos)

part_tns 567, tol 200
part_tns 2, tol 400
part_tns 2, tol 800
part_tns 2, tol 1600
part_tns 2, tol 3200
part_tns 2, tol 6400
part_tns 2, tol 12800
part 0
a: 39 40 41 42 43 44 45 46 47 48 49 50 51 52 53 54 // b: 35 34 37 38 36 23 9 3 18 7 20 26 31 6 21 1 13 22 5 24 15 17 0 19 29 33 2 16 8 32 27 14 25 4 30 11 10 28 12
a: 34 40 41 39 46 47 48 49 50 51 52 53 54 55 56 57 // b: 33 32 31 30 29 33 35 34 33 32 31 30 29 28 27 26 25 24 23 22 21 20 19 18 17 16 15 14 13 12 11 10 9 8 7 6 5 4 3 (pos)

_____OUT: n=135

order_last: stk 0, tmp 4, sgn -1
_____ IN: n=180, ct0 20, ct1 35
a: 39 40 41 42 43 44 45 46 47 48 49 50 51 52 53 54 32 33 29 31 // b: 23 26 21 22 24 27 25 30 11 10 28 12 35 34 37 38 36 9 3 18 7 20 6 1 13 5 15 17 0 19 2 16 8 14 4
a: 29 35 36 37 38 39 40 41 42 43 44 45 46 47 48 49 25 26 27 28 // b: 28 32 31 30 29 28 27 26 25 24 23 22 21 20 19 18 17 16 15 14 13 12 11 10 9 8 7 6 5 4 3 2 1 0 -1 (pos)

part_tns 10, tol 200
part_tns 1, tol 400
part_tns 1, tol 800
part_tns 1, tol 1600
part_tns 1, tol 3200
part_tns 1, tol 6400
part_tns 1, tol 12800
part 0
a: 39 40 41 42 43 44 45 46 47 48 49 50 51 52 53 54 32 33 29 31 // b: 23 26 21 22 24 27 25 30 11 10 28 12 35 34 37 38 36 9 3 18 7 20 6 1 13 5 15 17 0 19 2 16 8 14 4
a: 29 35 36 37 38 39 40 41 42 43 44 45 46 47 48 49 25 26 27 28 // b: 28 32 31 30 29 28 27 26 25 24 23 22 21 20 19 18 17 16 15 14 13 12 11 10 9 8 7 6 5 4 3 2 1 0 -1 (pos)

_____OUT: n=180

order_last: stk 0, tmp 2, sgn 1
_____ IN: n=187, ct0 22, ct1 33
a: 27 26 39 40 41 42 43 44 45 46 47 48 49 50 51 52 53 54 32 33 29 31 // b: 30 11 10 28 12 35 34 37 38 36 9 3 18 7 20 6 1 13 5 15 17 0 19 2 16 8 14 4 23 21 22 24 25
a: 26 27 31 32 33 34 35 36 37 38 39 40 41 42 43 44 45 46 47 48 49 50 // b: 25 27 26 25 24 23 22 21 20 19 18 17 16 15 14 13 12 11 10 9 8 7 6 5 4 3 2 1 0 -1 -2 -3 -4 (pos)

part_tns 3, tol 200
_____OUT: n=188

order_last: stk 1, tmp 5, sgn -1
_____ IN: n=188, ct0 22, ct1 33
a: 26 27 39 40 41 42 43 44 45 46 47 48 49 50 51 52 53 54 32 33 29 31 // b: 30 11 10 28 12 35 34 37 38 36 9 3 18 7 20 6 1 13 5 15 17 0 19 2 16 8 14 4 23 21 22 24 25
a: 21 27 31 32 33 34 35 36 37 38 39 40 41 42 43 44 45 46 47 48 49 50 // b: 20 27 26 25 24 23 22 21 20 19 18 17 16 15 14 13 12 11 10 9 8 7 6 5 4 3 2 1 10 12 14 16 18 (pos)

part_tns 27, tol 200
part_tns 27, tol 400
part_tns 27, tol 800
part_tns 27, tol 1600
part_tns 27, tol 3200
part_tns 27, tol 6400
part_tns 27, tol 12800
part 0
a: 26 27 39 40 41 42 43 44 45 46 47 48 49 50 51 52 53 54 32 33 29 31 // b: 30 11 10 28 12 35 34 37 38 36 9 3 18 7 20 6 1 13 5 15 17 0 19 2 16 8 14 4 23 21 22 24 25
a: 21 27 31 32 33 34 35 36 37 38 39 40 41 42 43 44 45 46 47 48 49 50 // b: 20 27 26 25 24 23 22 21 20 19 18 17 16 15 14 13 12 11 10 9 8 7 6 5 4 3 2 1 10 12 14 16 18 (pos)

_____OUT: n=188

order_last: stk 0, tmp 3, sgn -1
_____ IN: n=227, ct0 25, ct1 30
a: 26 27 39 40 41 42 43 44 45 46 47 48 49 50 51 52 53 54 32 33 29 31 18 20 19 // b: 14 16 17 15 13 9 3 7 6 1 5 0 2 8 4 23 21 22 24 25 30 11 10 28 12 35 34 37 38 36
a: 18 22 23 24 25 26 27 28 29 30 31 32 33 34 35 36 37 38 39 40 41 42 15 16 17 // b: 17 19 18 17 16 15 14 13 12 11 10 9 8 7 6 5 4 3 2 1 0 -1 -2 -3 -4 -5 -6 -7 -8 -9 (pos)

part_tns 6, tol 200
_____OUT: n=231

order_last: stk 1, tmp 5, sgn 1
_____ IN: n=231, ct0 25, ct1 30
a: 18 19 20 26 27 39 40 41 42 43 44 45 46 47 48 49 50 51 52 53 54 32 33 29 31 // b: 14 16 17 15 13 9 3 7 6 1 5 0 2 8 4 23 21 22 24 25 30 11 10 28 12 35 34 37 38 36
a: 13 19 20 18 22 23 24 25 26 27 28 29 30 31 32 33 34 35 36 37 38 39 40 41 42 // b: 12 11 10 9 8 15 14 13 12 11 10 9 8 7 6 5 4 3 2 1 0 -1 -2 -3 -4 -5 -6 -7 -8 -9 (pos)

part_tns 240, tol 200
_____OUT: n=239

order_last: stk 0, tmp 2, sgn 1
_____ IN: n=254, ct0 32, ct1 23
a: 8 9 13 14 15 16 17 18 19 20 26 27 39 40 41 42 43 44 45 46 47 48 49 50 51 52 53 54 32 33 29 31 // b: 30 11 10 28 12 35 34 37 38 36 3 7 6 1 5 0 2 4 23 21 22 24 25
a: 8 9 15 16 17 18 19 20 21 22 23 24 25 26 27 28 29 30 31 32 33 34 35 36 37 38 39 40 41 42 43 44 // b: 7 11 10 9 8 7 6 5 4 3 2 1 0 -1 -2 -3 -4 -5 -6 -7 -8 -9 -10 (pos)

_____OUT: n=254

order_last: stk 0, tmp 3, sgn 1
_____ IN: n=270, ct0 35, ct1 20
a: 7 6 5 8 9 13 14 15 16 17 18 19 20 26 27 39 40 41 42 43 44 45 46 47 48 49 50 51 52 53 54 32 33 29 31 // b: 3 1 0 2 4 23 21 22 24 25 30 11 10 28 12 35 34 37 38 36
a: 5 6 7 11 12 13 14 15 16 17 18 19 20 21 22 23 24 25 26 27 28 29 30 31 32 33 34 35 36 37 38 39 40 41 42 // b: 4 6 5 4 3 2 1 0 -1 -2 -3 -4 -5 -6 -7 -8 -9 -10 -11 -12 (pos)

part_tns 5, tol 200
_____OUT: n=275

order_last: stk 0, tmp 4, sgn 1
_____ IN: n=285, ct0 39, ct1 16
a: 25 24 4 3 5 6 7 8 9 13 14 15 16 17 18 19 20 26 27 39 40 41 42 43 44 45 46 47 48 49 50 51 52 53 54 32 33 29 31 // b: 30 11 10 28 12 35 34 37 38 36 1 0 2 23 21 22
a: 3 4 5 6 9 10 11 12 13 14 15 16 17 18 19 20 21 22 23 24 25 26 27 28 29 30 31 32 33 34 35 36 37 38 39 40 41 42 43 // b: 2 3 2 1 0 -1 -2 -3 -4 -5 -6 -7 -8 -9 -10 -11 (pos)

part_tns 36, tol 200
part_tns 12, tol 400
part_tns 12, tol 800
part_tns 12, tol 1600
part_tns 12, tol 3200
part_tns 12, tol 6400
part_tns 12, tol 12800
part 0
a: 25 24 4 3 5 6 7 8 9 13 14 15 16 17 18 19 20 26 27 39 40 41 42 43 44 45 46 47 48 49 50 51 52 53 54 32 33 29 31 // b: 30 11 10 28 12 35 34 37 38 36 1 0 2 23 21 22
a: 3 4 5 6 3 10 11 12 13 14 15 16 17 18 19 20 21 22 23 24 25 26 27 28 29 30 31 32 33 34 35 36 37 38 39 40 41 42 43 // b: 2 3 2 1 0 -1 -2 -3 -4 -5 -6 -7 -8 -9 -10 -11 (pos)

_____OUT: n=285

order_last: stk 0, tmp 2, sgn 1
_____ IN: n=293, ct0 41, ct1 14
a: 2 23 25 24 4 3 5 6 7 8 9 13 14 15 16 17 18 19 20 26 27 39 40 41 42 43 44 45 46 47 48 49 50 51 52 53 54 32 33 29 31 // b: 1 0 21 22 30 11 10 28 12 35 34 37 38 36
a: 2 3 5 6 7 8 9 10 11 12 13 14 15 16 17 18 19 20 21 22 23 24 25 26 27 28 29 30 31 32 33 34 35 36 37 38 39 40 41 42 43 // b: 1 1 0 -1 -2 -3 -4 -5 -6 -7 -8 -9 -10 -11 (pos)

part_tns 30, tol 200
part_tns 30, tol 400
part_tns 30, tol 800
part_tns 30, tol 1600
part_tns 30, tol 3200
part_tns 30, tol 6400
part_tns 30, tol 12800
part 0
a: 2 23 25 24 4 3 5 6 7 8 9 13 14 15 16 17 18 19 20 26 27 39 40 41 42 43 44 45 46 47 48 49 50 51 52 53 54 32 33 29 31 // b: 1 0 21 22 30 11 10 28 12 35 34 37 38 36
a: 2 3 5 6 7 8 9 10 11 12 13 14 15 16 17 18 19 20 21 22 23 24 25 26 27 28 29 30 31 32 33 34 35 36 37 38 39 40 41 42 43 // b: 1 1 0 -1 -2 -3 -4 -5 -6 -7 -8 -9 -10 -11 (pos)

_____OUT: n=293

order_last: stk 1, tmp 4, sgn 1
_____ IN: n=293, ct0 41, ct1 14
a: 2 23 25 24 4 3 5 6 7 8 9 13 14 15 16 17 18 19 20 26 27 39 40 41 42 43 44 45 46 47 48 49 50 51 52 53 54 32 33 29 31 // b: 1 0 21 22 30 11 10 28 12 35 34 37 38 36
a: 0 3 5 6 7 8 9 10 11 12 13 14 15 16 17 18 19 20 21 22 23 24 25 26 27 28 29 30 31 32 33 34 35 36 37 38 39 40 41 42 43 // b: -1 -2 -3 -4 -2 -3 -4 -5 -6 -7 -8 -9 -10 -11 (pos)

part_tns 172, tol 200
part_tns 12, tol 400
part_tns 12, tol 800
part_tns 12, tol 1600
part_tns 12, tol 3200
part_tns 12, tol 6400
part_tns 12, tol 12800
part 0
a: 2 23 25 24 4 3 5 6 7 8 9 13 14 15 16 17 18 19 20 26 27 39 40 41 42 43 44 45 46 47 48 49 50 51 52 53 54 32 33 29 31 // b: 1 0 21 22 30 11 10 28 12 35 34 37 38 36
a: 0 3 5 6 7 8 9 10 11 12 13 14 15 16 17 18 19 20 21 22 23 24 25 26 27 28 29 30 31 32 33 34 35 36 37 38 39 40 41 42 43 // b: -1 -2 -3 -4 -1 -3 -4 -5 -6 -7 -8 -9 -10 -11 (pos)

_____OUT: n=293

ra
pb
pb
ra
pb
ra
ra
pb
pb
pb
ra
ra
pb
pb
pb
pb
ra
pb
pb
pb
pb
pb
ra
pb
ra
pb
pb
pb
pb
pb
pb
ra
pb
ra
ra
pb
ra
ra
pb
pb
pb
pb
pb
ra
pb
pb
ra
ra
ra
ra
ra
pb
ra
pb
pb
pb
pb
ra
pb
ra
ra
ra
ra
pb
ra
pb
pb
pb
pb
pb
ra
pb
ra
pb
pb
pb
pb
pb
pb
pb
pb
ra
rb
pa
pa
sa
rrb
pa
pa
pa
pa
pa
rb
rb
rb
rb
pa
pa
rb
rb
rb
rb
pa
sa
ra
ra
ra
sa
rra
sa
ra
sa
rra
sa
rra
rra
rrb
rrb
rrb
pa
rrb
rrb
pa
rrb
rrb
rrb
pa
sa
ra
sa
rra
sa
rb
rb
rb
rb
rb
pa
rb
rb
rb
rb
rb
pa
pa
rb
pa
rb
rb
pa
rb
pa
rb
rb
rb
rb
pa
pa
rb
rb
rb
pa
pa
rb
pa
rb
pb
pb
ra
ra
ra
pb
pb
pb
ra
pb
pb
rb
pa
rb
rb
rb
pa
rb
sa
rrb
rrb
rrb
rrb
rrb
rrb
rrb
pa
rrb
rrb
pa
rrb
rrb
pa
rrb
rrb
pa
rrb
pa
rrb
rrb
pa
rrb
rrb
rrb
pa
rrb
rrb
pa
rrb
rrb
ra
ra
pb
pb
pb
ra
pb
pb
rra
rra
sa
rra
rb
pa
pa
rrb
ss
pa
pa
pa
pa
rb
rb
rb
rb
rb
rb
rb
pa
rrb
rrb
rrb
pa
rrb
rrb
pa
rrb
pa
rrb
sa
ra
sa
rra
sa
pa
rb
rb
rb
pa
rb
rb
rb
pa
pa
rrb
rrb
rrb
pa
rrb
pa
rrb
rrb
