ptrs: 0x6030000016f0
struc(3), addr(0x60c000000160)
struc(2), addr(0x60c000000140)
struc(1), addr(0x60c000000120)
struc(0), addr(0x60c000000100)
w(9) 11(-1) 9(9) 8(-1) 6(9) 5(6) 3(-1) 1(4)
 mejor tns: 4
1w(4) 11(-1) 9(5) 8(-1) 6(5) 5(6)
19w(5) 11(-1) 9(5) 5(2) 3(-1) 1(4)
 mejor tns: 2
195w(2) 11(-1) 9(3) 8(-1) 6(3) 5(6) 3(-1) 1(7)
1959w(3) 11(-1) 9(3) 5(5) 4(2) 3(-1) 1(7)
 mejor tns: 2
19594w(2) 11(-1) 9(1) 8(-1) 6(1) 3(-1) 1(5)
 mejor tns: 1
195949w(1) 11(-1) 9(0) 5(3) 3(-1) 1(5)
1959499 mejor tns: 0
195949w(1) 11(-1) 5(3) 3(-1) 1(5)
195949w(1) 11(-1) 3(-1) 1(5)
195949w(1) 11(-1) 3(-1)
19594w(2) 11(-1) 8(-1) 6(1) 3(-1) 1(5)
19594w(2) 11(-1) 8(-1) 3(-1) 1(5)
19594w(2) 11(-1) 8(-1) 3(-1)
1959w(3) 11(-1) 9(3) 5(5) 3(-1) 1(7)
19599w(3) 11(-1) 9(2) 5(6) 4(5) 3(-1) 1(7)
19599w(3) 11(-1) 5(6) 4(5) 3(-1) 1(7)
19599w(3) 11(-1) 5(6) 3(-1) 1(7)
19599w(3) 11(-1) 3(-1) 1(7)
19599w(3) 11(-1) 3(-1)
1959w(3) 11(-1) 5(5) 3(-1) 1(7)
19595w(5) 11(6) 10(6) 9(6) 8(6) 7(6) 6(6) 5(4) 3(6) 2(6) 1(6)
19595w(5) 11(6) 10(6) 9(6) 8(6) 7(6) 6(6) 3(6) 2(6) 1(6)
19595w(5) 10(6) 9(6) 8(6) 7(6) 6(6) 3(6) 2(6) 1(6)
19595w(5) 9(6) 8(6) 7(6) 6(6) 3(6) 2(6) 1(6)
19595w(5) 8(6) 7(6) 6(6) 3(6) 2(6) 1(6)
19595w(5) 7(6) 6(6) 3(6) 2(6) 1(6)
19595w(5) 6(6) 3(6) 2(6) 1(6)
19595w(5) 3(6) 2(6) 1(6)
19595w(5) 2(6) 1(6)
19595w(5) 1(6)
19595w(5)
1959w(3) 11(-1) 3(-1) 1(7)
19591w(7) 11(-1) 9(7) 6(7) 5(5) 4(5)
19591w(7) 11(-1) 9(7) 6(7) 4(5)
19591w(7) 11(-1) 9(7) 6(7)
19591w(7) 11(-1) 6(7)
19591w(7) 11(-1)
1959w(3) 11(-1) 3(-1)
195w(2) 11(-1) 8(-1) 6(3) 5(6) 3(-1) 1(7)
1956w(3) 8(-1) 6(3) 5(6) 4(5) 3(-1) 1(7)
19566w(3) 8(-1) 6(2) 5(5) 4(2) 3(-1) 1(7)
19566w(3) 8(-1) 5(5) 4(2) 3(-1) 1(7)
19566w(3) 8(-1) 5(5) 3(-1) 1(7)
19566w(3) 8(-1) 3(-1) 1(7)
19566w(3) 8(-1) 3(-1)
1956w(3) 8(-1) 5(6) 4(5) 3(-1) 1(7)
19564w(5) 11(-1) 9(4) 8(-1) 6(5) 3(-1) 1(1)
19564w(5) 11(-1) 9(4) 8(-1) 6(5) 3(-1)
19564w(5) 11(-1) 8(-1) 6(5) 3(-1)
19564w(5) 11(-1) 8(-1) 3(-1)
1956w(3) 8(-1) 5(6) 3(-1) 1(7)
19565w(6) 11(6) 10(6) 9(6) 8(6) 7(6) 6(6) 5(8) 3(6) 2(6) 1(6)
19565w(6) 10(6) 9(6) 8(6) 7(6) 6(6) 5(8) 3(6) 2(6) 1(6)
19565w(6) 9(6) 8(6) 7(6) 6(6) 5(8) 3(6) 2(6) 1(6)
19565w(6) 8(6) 7(6) 6(6) 5(8) 3(6) 2(6) 1(6)
19565w(6) 7(6) 6(6) 5(8) 3(6) 2(6) 1(6)
19565w(6) 6(6) 5(8) 3(6) 2(6) 1(6)
19565w(6) 5(8) 3(6) 2(6) 1(6)
19565w(6) 5(8) 2(6) 1(6)
19565w(6) 5(8) 1(6)
19565w(6) 5(8)
19565w(6)
1956w(3) 8(-1) 3(-1) 1(7)
19561w(7) 9(7) 8(-1) 6(7) 5(6) 4(5)
19561w(7) 9(7) 8(-1) 6(7) 5(6)
19561w(7) 9(7) 8(-1) 6(7)
19561w(7) 8(-1) 6(7)
19561w(7) 8(-1)
1956w(3) 8(-1) 3(-1)
195w(2) 11(-1) 8(-1) 5(6) 3(-1) 1(7)
1955w(6) 11(6) 10(6) 9(5) 8(6) 7(6) 6(5) 5(5) 3(6) 2(6) 1(5)
19559w(5) 11(6) 9(6) 7(6) 5(9) 4(7) 3(6) 2(6) 1(6)
19559w(5) 9(6) 7(6) 5(9) 4(7) 3(6) 2(6) 1(6)
19559w(5) 7(6) 5(9) 4(7) 3(6) 2(6) 1(6)
19559w(5) 5(9) 4(7) 3(6) 2(6) 1(6)
19559w(5) 5(9) 4(7) 2(6) 1(6)
19559w(5) 5(9) 4(7) 1(6)
19559w(5) 5(9) 4(7)
19559w(5) 5(9)
19559w(5)
1955w(6) 11(6) 10(6) 8(6) 7(6) 6(5) 5(5) 3(6) 2(6) 1(5)
19556w(5) 10(6) 8(6) 6(6) 5(9) 4(7) 3(6) 2(6) 1(6)
19556w(5) 8(6) 6(6) 5(9) 4(7) 3(6) 2(6) 1(6)
19556w(5) 6(6) 5(9) 4(7) 3(6) 2(6) 1(6)
19556w(5) 5(9) 4(7) 3(6) 2(6) 1(6)
19556w(5) 5(9) 4(7) 2(6) 1(6)
19556w(5) 5(9) 4(7) 1(6)
19556w(5) 5(9) 4(7)
19556w(5) 5(9)
19556w(5)
1955w(6) 11(6) 10(6) 8(6) 7(6) 5(5) 3(6) 2(6) 1(5)
19555w(5) 11(-1) 10(5) 8(-1) 7(4) 5(8) 3(-1) 2(8)
19555w(5) 11(-1) 10(5) 8(-1) 5(8) 3(-1) 2(8)
19555w(5) 11(-1) 8(-1) 5(8) 3(-1) 2(8)
19555w(5) 11(-1) 8(-1) 3(-1) 2(8)
19555w(5) 11(-1) 8(-1) 3(-1)
1955w(6) 11(6) 10(6) 8(6) 7(6) 3(6) 2(6) 1(5)
19551w(5) 11(6) 10(6) 9(6) 8(6) 7(6) 6(6) 5(9) 4(7)
19551w(5) 10(6) 9(6) 8(6) 7(6) 6(6) 5(9) 4(7)
19551w(5) 9(6) 8(6) 7(6) 6(6) 5(9) 4(7)
19551w(5) 8(6) 7(6) 6(6) 5(9) 4(7)
19551w(5) 7(6) 6(6) 5(9) 4(7)
19551w(5) 6(6) 5(9) 4(7)
19551w(5) 5(9) 4(7)
19551w(5) 5(9)
19551w(5)
1955w(6) 11(6) 10(6) 8(6) 7(6) 3(6) 2(6)
1955;w(6) 11(6) 10(5) 9(6) 5(4) 4(3) 3(6) 2(5) 1(6)
1955;w(6) 11(6) 10(5) 9(6) 5(4) 3(6) 2(5) 1(6)
1955;w(6) 11(6) 10(5) 9(6) 3(6) 2(5) 1(6)
1955;w(6) 11(6) 9(6) 3(6) 2(5) 1(6)
1955;w(6) 11(6) 9(6) 3(6) 1(6)
1955;w(6) 9(6) 3(6) 1(6)
1955;w(6) 3(6) 1(6)
1955;w(6) 1(6)
1955;w(6)
1955w(6) 10(6) 8(6) 7(6) 3(6) 2(6)
1955:w(6) 11(5) 10(6) 6(6) 5(8) 4(6) 3(5) 2(6) 1(6)
1955:w(6) 10(6) 6(6) 5(8) 4(6) 3(5) 2(6) 1(6)
1955:w(6) 10(6) 6(6) 5(8) 4(6) 2(6) 1(6)
1955:w(6) 6(6) 5(8) 4(6) 2(6) 1(6)
1955:w(6) 5(8) 4(6) 2(6) 1(6)
1955:w(6) 5(8) 2(6) 1(6)
1955:w(6) 5(8) 1(6)
1955:w(6) 5(8)
1955:w(6)
1955w(6) 8(6) 7(6) 3(6) 2(6)
19558w(6) 8(6) 7(5) 6(6) 5(4) 4(3) 3(6) 2(5) 1(6)
19558w(6) 8(6) 7(5) 6(6) 5(4) 3(6) 2(5) 1(6)
19558w(6) 8(6) 7(5) 6(6) 3(6) 2(5) 1(6)
19558w(6) 8(6) 6(6) 3(6) 2(5) 1(6)
19558w(6) 8(6) 6(6) 3(6) 1(6)
19558w(6) 6(6) 3(6) 1(6)
19558w(6) 3(6) 1(6)
19558w(6) 1(6)
19558w(6)
1955w(6) 7(6) 3(6) 2(6)
19557w(6) 9(6) 8(5) 7(6) 5(8) 4(6) 3(5) 2(6) 1(6)
19557w(6) 9(6) 7(6) 5(8) 4(6) 3(5) 2(6) 1(6)
19557w(6) 9(6) 7(6) 5(8) 4(6) 2(6) 1(6)
19557w(6) 7(6) 5(8) 4(6) 2(6) 1(6)
19557w(6) 5(8) 4(6) 2(6) 1(6)
19557w(6) 5(8) 2(6) 1(6)
19557w(6) 5(8) 1(6)
19557w(6) 5(8)
19557w(6)
1955w(6) 3(6) 2(6)
19553w(6) 11(6) 10(5) 9(6) 8(6) 7(5) 6(6) 5(4) 4(3)
19553w(6) 11(6) 10(5) 9(6) 8(6) 7(5) 6(6) 5(4)
19553w(6) 11(6) 10(5) 9(6) 8(6) 7(5) 6(6)
19553w(6) 11(6) 9(6) 8(6) 7(5) 6(6)
19553w(6) 11(6) 9(6) 8(6) 6(6)
19553w(6) 9(6) 8(6) 6(6)
19553w(6) 8(6) 6(6)
19553w(6) 6(6)
19553w(6)
1955w(6) 2(6)
19552w(6) 11(5) 10(6) 9(6) 8(5) 7(6) 6(6) 5(8) 4(6)
19552w(6) 10(6) 9(6) 8(5) 7(6) 6(6) 5(8) 4(6)
19552w(6) 10(6) 9(6) 7(6) 6(6) 5(8) 4(6)
19552w(6) 9(6) 7(6) 6(6) 5(8) 4(6)
19552w(6) 7(6) 6(6) 5(8) 4(6)
19552w(6) 6(6) 5(8) 4(6)
19552w(6) 5(8) 4(6)
19552w(6) 5(8)
19552w(6)
1955w(6)
195w(2) 11(-1) 8(-1) 3(-1) 1(7)
19w(5) 11(-1) 9(5) 3(-1) 1(4)
191w(4) 11(-1) 9(5) 6(5) 5(6)
1919w(5) 11(-1) 9(5) 5(6) 3(-1) 1(9)
19199w(5) 11(-1) 9(5) 5(2) 3(-1) 1(5)
19199w(5) 11(-1) 9(5) 3(-1) 1(5)
19199w(5) 11(-1) 3(-1) 1(5)
19199w(5) 11(-1) 3(-1)
1919w(5) 11(-1) 5(6) 3(-1) 1(9)
19195w(6) 11(-1) 9(6) 8(-1) 6(7) 5(6) 3(-1) 1(3)
19195w(6) 11(-1) 9(6) 8(-1) 6(7) 5(6) 3(-1)
19195w(6) 11(-1) 8(-1) 6(7) 5(6) 3(-1)
19195w(6) 11(-1) 8(-1) 6(7) 3(-1)
19195w(6) 11(-1) 8(-1) 3(-1)
1919w(5) 11(-1) 3(-1) 1(9)
19191w(9) 11(-1) 9(9) 6(9) 5(6)
19191w(9) 11(-1) 9(9) 6(9)
19191w(9) 11(-1) 6(9)
19191w(9) 11(-1)
1919w(5) 11(-1) 3(-1)
191w(4) 11(-1) 6(5) 5(6)
1916w(5) 6(5) 5(3) 3(-1) 1(1)
19161w(1) 9(0) 6(2) 5(3)
191619 mejor tns: 0
19161w(1) 6(2) 5(3)
19161w(1) 5(3)
19161w(1)
1916w(5) 6(5) 5(3) 3(-1)
19165w(3) 11(-1) 9(2) 8(-1) 6(3) 5(6) 3(-1) 1(7)
19165w(3) 11(-1) 8(-1) 6(3) 5(6) 3(-1) 1(7)
19165w(3) 11(-1) 8(-1) 5(6) 3(-1) 1(7)
19165w(3) 11(-1) 8(-1) 3(-1) 1(7)
19165w(3) 11(-1) 8(-1) 3(-1)
1916w(5) 6(5) 3(-1)
19166w(5) 6(5) 5(2) 3(-1) 1(5)
19166w(5) 6(5) 3(-1) 1(5)
19166w(5) 3(-1) 1(5)
19166w(5) 3(-1)
1916w(5) 3(-1)
191w(4) 11(-1) 5(6)
1915w(6) 11(-1) 9(6) 8(-1) 6(6) 5(6) 3(-1) 1(2)
19151w(2) 11(-1) 9(2) 8(-1) 6(3) 5(6) 4(0)
191514 mejor tns: 0
19151w(2) 11(-1) 9(2) 8(-1) 6(3) 5(6)
19151w(2) 11(-1) 8(-1) 6(3) 5(6)
19151w(2) 11(-1) 8(-1) 5(6)
19151w(2) 11(-1) 8(-1)
1915w(6) 11(-1) 9(6) 8(-1) 6(6) 5(6) 3(-1)
19159w(6) 11(-1) 9(6) 5(6) 4(9) 3(-1) 1(3)
19159w(6) 11(-1) 9(6) 5(6) 4(9) 3(-1)
19159w(6) 11(-1) 5(6) 4(9) 3(-1)
19159w(6) 11(-1) 4(9) 3(-1)
19159w(6) 11(-1) 3(-1)
1915w(6) 11(-1) 8(-1) 6(6) 5(6) 3(-1)
19156w(6) 8(-1) 6(6) 5(6) 4(4) 3(-1) 1(2)
19156w(6) 8(-1) 6(6) 5(6) 4(4) 3(-1)
19156w(6) 8(-1) 6(6) 5(6) 3(-1)
19156w(6) 8(-1) 5(6) 3(-1)
19156w(6) 8(-1) 3(-1)
1915w(6) 11(-1) 8(-1) 5(6) 3(-1)
19155w(6) 11(5) 10(6) 9(6) 8(5) 7(6) 6(6) 5(8) 3(5) 2(6) 1(6)
19155w(6) 10(6) 9(6) 8(5) 7(6) 6(6) 5(8) 3(5) 2(6) 1(6)
19155w(6) 10(6) 9(6) 7(6) 6(6) 5(8) 3(5) 2(6) 1(6)
19155w(6) 10(6) 9(6) 7(6) 6(6) 5(8) 2(6) 1(6)
19155w(6) 9(6) 7(6) 6(6) 5(8) 2(6) 1(6)
19155w(6) 7(6) 6(6) 5(8) 2(6) 1(6)
19155w(6) 6(6) 5(8) 2(6) 1(6)
19155w(6) 5(8) 2(6) 1(6)
19155w(6) 5(8) 1(6)
19155w(6) 5(8)
19155w(6)
1915w(6) 11(-1) 8(-1) 3(-1)
191w(4) 11(-1)
19w(5) 11(-1) 9(5) 3(-1)
199w(5) 11(-1) 9(5) 5(3) 3(-1) 1(2)
1991w(2) 11(-1) 9(1) 6(1) 5(3)
19919w(1) 11(-1) 9(0) 5(3) 3(-1) 1(5)
199199 mejor tns: 0
19919w(1) 11(-1) 5(3) 3(-1) 1(5)
19919w(1) 11(-1) 3(-1) 1(5)
19919w(1) 11(-1) 3(-1)
1991w(2) 11(-1) 6(1) 5(3)
19916w(1) 6(0) 5(2) 3(-1) 1(5)
199166 mejor tns: 0
19916w(1) 5(2) 3(-1) 1(5)
19916w(1) 3(-1) 1(5)
19916w(1) 3(-1)
1991w(2) 11(-1) 5(3)
19915w(3) 11(-1) 9(3) 8(-1) 6(2) 5(5) 3(-1) 1(7)
19915w(3) 11(-1) 9(3) 8(-1) 5(5) 3(-1) 1(7)
19915w(3) 11(-1) 8(-1) 5(5) 3(-1) 1(7)
19915w(3) 11(-1) 8(-1) 3(-1) 1(7)
19915w(3) 11(-1) 8(-1) 3(-1)
1991w(2) 11(-1)
199w(5) 11(-1) 9(5) 5(3) 3(-1)
1995w(3) 11(-1) 9(3) 8(-1) 6(2) 5(6) 3(-1) 1(6)
19956w(2) 8(-1) 6(3) 5(6) 4(1) 3(-1) 1(6)
19956w(2) 8(-1) 6(3) 5(6) 3(-1) 1(6)
19956w(2) 8(-1) 5(6) 3(-1) 1(6)
19956w(2) 8(-1) 3(-1) 1(6)
19956w(2) 8(-1) 3(-1)
1995w(3) 11(-1) 9(3) 8(-1) 5(6) 3(-1) 1(6)
19959w(3) 11(-1) 9(2) 5(6) 4(4) 3(-1) 1(7)
19959w(3) 11(-1) 5(6) 4(4) 3(-1) 1(7)
19959w(3) 11(-1) 5(6) 3(-1) 1(7)
19959w(3) 11(-1) 3(-1) 1(7)
19959w(3) 11(-1) 3(-1)
1995w(3) 11(-1) 8(-1) 5(6) 3(-1) 1(6)
19955w(6) 11(6) 10(5) 9(6) 8(6) 7(5) 6(6) 5(8) 3(6) 2(5) 1(6)
19955w(6) 11(6) 9(6) 8(6) 7(5) 6(6) 5(8) 3(6) 2(5) 1(6)
19955w(6) 11(6) 9(6) 8(6) 6(6) 5(8) 3(6) 2(5) 1(6)
19955w(6) 11(6) 9(6) 8(6) 6(6) 5(8) 3(6) 1(6)
19955w(6) 9(6) 8(6) 6(6) 5(8) 3(6) 1(6)
19955w(6) 8(6) 6(6) 5(8) 3(6) 1(6)
19955w(6) 6(6) 5(8) 3(6) 1(6)
19955w(6) 5(8) 3(6) 1(6)
19955w(6) 5(8) 1(6)
19955w(6) 5(8)
19955w(6)
1995w(3) 11(-1) 8(-1) 3(-1) 1(6)
19951w(6) 11(-1) 9(6) 8(-1) 6(7) 5(6) 4(5)
19951w(6) 11(-1) 9(6) 8(-1) 6(7) 5(6)
19951w(6) 11(-1) 8(-1) 6(7) 5(6)
19951w(6) 11(-1) 8(-1) 6(7)
19951w(6) 11(-1) 8(-1)
1995w(3) 11(-1) 8(-1) 3(-1)
199w(5) 11(-1) 9(5) 3(-1)
1999w(5) 11(-1) 9(4) 5(7) 3(-1) 1(4)
19999w(4) 11(-1) 9(5) 5(6) 3(-1) 1(9)
19999w(4) 11(-1) 5(6) 3(-1) 1(9)
19999w(4) 11(-1) 3(-1) 1(9)
1999w(5) 11(-1) 5(7) 3(-1) 1(4)
19991w(4) 11(-1) 9(5) 6(5) 5(3)
19991w(4) 11(-1) 9(5) 6(5)
19991w(4) 11(-1) 6(5)
19991w(4) 11(-1)
1999w(5) 11(-1) 5(7) 3(-1)
19995w(7) 11(-1) 9(6) 8(-1) 6(7) 5(6) 3(-1) 1(3)
19995w(7) 11(-1) 9(6) 8(-1) 6(7) 5(6) 3(-1)
19995w(7) 11(-1) 8(-1) 6(7) 5(6) 3(-1)
19995w(7) 11(-1) 8(-1) 6(7) 3(-1)
19995w(7) 11(-1) 8(-1) 3(-1)
1999w(5) 11(-1) 3(-1)
199w(5) 11(-1) 3(-1)
19w(5) 11(-1) 3(-1)
1w(4) 11(-1) 8(-1) 6(5) 5(6)
16w(5) 8(-1) 6(5) 5(7) 3(-1) 1(4)
161w(4) 9(5) 8(-1) 6(5) 5(3)
1615w(3) 11(-1) 9(2) 8(-1) 6(3) 5(6) 3(-1) 1(7)
16159w(2) 11(-1) 9(3) 5(6) 4(1) 3(-1) 1(6)
16159w(2) 11(-1) 9(3) 5(6) 3(-1) 1(6)
16159w(2) 11(-1) 5(6) 3(-1) 1(6)
16159w(2) 11(-1) 3(-1) 1(6)
16159w(2) 11(-1) 3(-1)
1615w(3) 11(-1) 8(-1) 6(3) 5(6) 3(-1) 1(7)
16156w(3) 8(-1) 6(2) 5(6) 4(5) 3(-1) 1(6)
16156w(3) 8(-1) 5(6) 4(5) 3(-1) 1(6)
16156w(3) 8(-1) 5(6) 3(-1) 1(6)
16156w(3) 8(-1) 3(-1) 1(6)
16156w(3) 8(-1) 3(-1)
1615w(3) 11(-1) 8(-1) 5(6) 3(-1) 1(7)
16155w(6) 11(5) 10(6) 9(6) 8(5) 7(6) 6(6) 5(5) 3(5) 2(6) 1(6)
16155w(6) 10(6) 9(6) 8(5) 7(6) 6(6) 5(5) 3(5) 2(6) 1(6)
16155w(6) 10(6) 9(6) 7(6) 6(6) 5(5) 3(5) 2(6) 1(6)
16155w(6) 10(6) 9(6) 7(6) 6(6) 3(5) 2(6) 1(6)
16155w(6) 10(6) 9(6) 7(6) 6(6) 2(6) 1(6)
16155w(6) 9(6) 7(6) 6(6) 2(6) 1(6)
16155w(6) 7(6) 6(6) 2(6) 1(6)
16155w(6) 6(6) 2(6) 1(6)
16155w(6) 2(6) 1(6)
16155w(6) 1(6)
16155w(6)
1615w(3) 11(-1) 8(-1) 3(-1) 1(7)
16151w(7) 11(-1) 9(6) 8(-1) 6(6) 5(6) 4(9)
16151w(7) 11(-1) 8(-1) 6(6) 5(6) 4(9)
16151w(7) 11(-1) 8(-1) 5(6) 4(9)
16151w(7) 11(-1) 8(-1) 4(9)
16151w(7) 11(-1) 8(-1)
1615w(3) 11(-1) 8(-1) 3(-1)
161w(4) 9(5) 8(-1) 6(5)
1619w(5) 9(5) 5(2) 3(-1) 1(1)
16191w(1) 9(2) 6(0) 5(2)
161916 mejor tns: 0
16191w(1) 9(2) 5(2)
16191w(1) 5(2)
16191w(1)
1619w(5) 9(5) 5(2) 3(-1)
16195w(2) 11(-1) 9(3) 8(-1) 6(2) 5(6) 3(-1) 1(6)
16195w(2) 11(-1) 9(3) 8(-1) 5(6) 3(-1) 1(6)
16195w(2) 11(-1) 8(-1) 5(6) 3(-1) 1(6)
16195w(2) 11(-1) 8(-1) 3(-1) 1(6)
16195w(2) 11(-1) 8(-1) 3(-1)
1619w(5) 9(5) 3(-1)
16199w(5) 9(5) 5(7) 3(-1) 1(5)
16199w(5) 5(7) 3(-1) 1(5)
16199w(5) 5(7) 3(-1)
16199w(5) 3(-1)
1619w(5) 3(-1)
161w(4) 8(-1) 6(5)
1616w(5) 8(-1) 6(5) 5(7) 3(-1) 1(9)
16166w(5) 8(-1) 6(5) 5(7) 3(-1) 1(5)
16166w(5) 8(-1) 5(7) 3(-1) 1(5)
16166w(5) 8(-1) 5(7) 3(-1)
16166w(5) 8(-1) 3(-1)
1616w(5) 8(-1) 5(7) 3(-1) 1(9)
16165w(7) 11(-1) 9(7) 8(-1) 6(6) 5(6) 3(-1) 1(2)
16165w(7) 11(-1) 9(7) 8(-1) 6(6) 5(6) 3(-1)
16165w(7) 11(-1) 9(7) 8(-1) 5(6) 3(-1)
16165w(7) 11(-1) 9(7) 8(-1) 3(-1)
16165w(7) 11(-1) 8(-1) 3(-1)
1616w(5) 8(-1) 3(-1) 1(9)
16161w(9) 9(9) 8(-1) 6(9) 5(7)
16161w(9) 9(9) 8(-1) 6(9)
16161w(9) 8(-1) 6(9)
16161w(9) 8(-1)
1616w(5) 8(-1) 3(-1)
161w(4) 8(-1)
16w(5) 8(-1) 6(5) 5(7) 3(-1)
166w(5) 8(-1) 6(5) 5(3) 3(-1) 1(2)
1661w(2) 9(1) 8(-1) 6(1) 5(3)
16619w(1) 9(0) 5(3) 3(-1) 1(5)
166199 mejor tns: 0
16619w(1) 5(3) 3(-1) 1(5)
16619w(1) 3(-1) 1(5)
16619w(1) 3(-1)
1661w(2) 8(-1) 6(1) 5(3)
16616w(1) 8(-1) 6(0) 5(2) 3(-1) 1(5)
166166 mejor tns: 0
16616w(1) 8(-1) 5(2) 3(-1) 1(5)
16616w(1) 8(-1) 3(-1) 1(5)
16616w(1) 8(-1) 3(-1)
1661w(2) 8(-1) 5(3)
16615w(3) 11(-1) 9(3) 8(-1) 6(2) 5(5) 3(-1) 1(7)
16615w(3) 11(-1) 9(3) 8(-1) 5(5) 3(-1) 1(7)
16615w(3) 11(-1) 8(-1) 5(5) 3(-1) 1(7)
16615w(3) 11(-1) 8(-1) 3(-1) 1(7)
16615w(3) 11(-1) 8(-1) 3(-1)
1661w(2) 8(-1)
166w(5) 8(-1) 6(5) 5(3) 3(-1)
1665w(3) 11(-1) 9(3) 8(-1) 6(2) 5(6) 3(-1) 1(6)
16656w(2) 8(-1) 6(3) 5(6) 4(1) 3(-1) 1(6)
16656w(2) 8(-1) 6(3) 5(6) 3(-1) 1(6)
16656w(2) 8(-1) 5(6) 3(-1) 1(6)
16656w(2) 8(-1) 3(-1) 1(6)
16656w(2) 8(-1) 3(-1)
1665w(3) 11(-1) 9(3) 8(-1) 5(6) 3(-1) 1(6)
16659w(3) 11(-1) 9(2) 5(6) 4(4) 3(-1) 1(7)
16659w(3) 11(-1) 5(6) 4(4) 3(-1) 1(7)
16659w(3) 11(-1) 5(6) 3(-1) 1(7)
16659w(3) 11(-1) 3(-1) 1(7)
16659w(3) 11(-1) 3(-1)
1665w(3) 11(-1) 8(-1) 5(6) 3(-1) 1(6)
16655w(6) 11(6) 10(5) 9(6) 8(6) 7(5) 6(6) 5(8) 3(6) 2(5) 1(6)
16655w(6) 11(6) 9(6) 8(6) 7(5) 6(6) 5(8) 3(6) 2(5) 1(6)
16655w(6) 11(6) 9(6) 8(6) 6(6) 5(8) 3(6) 2(5) 1(6)
16655w(6) 11(6) 9(6) 8(6) 6(6) 5(8) 3(6) 1(6)
16655w(6) 9(6) 8(6) 6(6) 5(8) 3(6) 1(6)
16655w(6) 8(6) 6(6) 5(8) 3(6) 1(6)
16655w(6) 6(6) 5(8) 3(6) 1(6)
16655w(6) 5(8) 3(6) 1(6)
16655w(6) 5(8) 1(6)
16655w(6) 5(8)
16655w(6)
1665w(3) 11(-1) 8(-1) 3(-1) 1(6)
16651w(6) 11(-1) 9(6) 8(-1) 6(7) 5(6) 4(5)
16651w(6) 11(-1) 9(6) 8(-1) 6(7) 5(6)
16651w(6) 11(-1) 8(-1) 6(7) 5(6)
16651w(6) 11(-1) 8(-1) 6(7)
16651w(6) 11(-1) 8(-1)
1665w(3) 11(-1) 8(-1) 3(-1)
166w(5) 8(-1) 6(5) 3(-1)
1666w(5) 8(-1) 6(4) 5(2) 3(-1) 1(4)
16665w(2) 11(-1) 9(3) 8(-1) 6(3) 5(6) 3(-1) 1(7)
16665w(2) 11(-1) 8(-1) 6(3) 5(6) 3(-1) 1(7)
16665w(2) 11(-1) 8(-1) 5(6) 3(-1) 1(7)
16665w(2) 11(-1) 8(-1) 3(-1) 1(7)
1666w(5) 8(-1) 6(4) 3(-1) 1(4)
16666w(4) 8(-1) 6(5) 5(6) 3(-1) 1(9)
16666w(4) 8(-1) 5(6) 3(-1) 1(9)
16666w(4) 8(-1) 3(-1) 1(9)
1666w(5) 8(-1) 3(-1) 1(4)
16661w(4) 9(5) 8(-1) 6(5) 5(6)
16661w(4) 8(-1) 6(5) 5(6)
16661w(4) 8(-1) 5(6)
16661w(4) 8(-1)
1666w(5) 8(-1) 3(-1)
166w(5) 8(-1) 3(-1)
16w(5) 8(-1) 5(7) 3(-1)
165w(7) 11(-1) 9(6) 8(-1) 6(7) 5(6) 3(-1) 1(3)
1651w(3) 11(-1) 9(2) 8(-1) 6(2) 5(6) 4(1)
16514w(1) 11(-1) 9(0) 8(-1) 6(2) 3(-1) 1(5)
165149 mejor tns: 0
16514w(1) 11(-1) 8(-1) 6(2) 3(-1) 1(5)
16514w(1) 11(-1) 8(-1) 3(-1) 1(5)
16514w(1) 11(-1) 8(-1) 3(-1)
1651w(3) 11(-1) 9(2) 8(-1) 6(2) 5(6)
16519w(2) 11(-1) 9(2) 5(6) 4(4) 3(-1) 1(7)
16519w(2) 11(-1) 5(6) 4(4) 3(-1) 1(7)
16519w(2) 11(-1) 5(6) 3(-1) 1(7)
16519w(2) 11(-1) 3(-1) 1(7)
1651w(3) 11(-1) 8(-1) 6(2) 5(6)
16516w(2) 8(-1) 6(2) 5(5) 4(5) 3(-1) 1(6)
16516w(2) 8(-1) 5(5) 4(5) 3(-1) 1(6)
16516w(2) 8(-1) 4(5) 3(-1) 1(6)
16516w(2) 8(-1) 3(-1) 1(6)
16516w(2) 8(-1) 3(-1)
1651w(3) 11(-1) 8(-1) 5(6)
16515w(6) 11(6) 10(6) 9(6) 8(6) 7(6) 6(6) 5(4) 3(6) 2(6) 1(6)
16515w(6) 11(6) 10(6) 9(6) 8(6) 7(6) 6(6) 3(6) 2(6) 1(6)
16515w(6) 10(6) 9(6) 8(6) 7(6) 6(6) 3(6) 2(6) 1(6)
16515w(6) 9(6) 8(6) 7(6) 6(6) 3(6) 2(6) 1(6)
16515w(6) 8(6) 7(6) 6(6) 3(6) 2(6) 1(6)
16515w(6) 7(6) 6(6) 3(6) 2(6) 1(6)
16515w(6) 6(6) 3(6) 2(6) 1(6)
16515w(6) 3(6) 2(6) 1(6)
16515w(6) 2(6) 1(6)
16515w(6) 1(6)
16515w(6)
1651w(3) 11(-1) 8(-1)
165w(7) 11(-1) 9(6) 8(-1) 6(7) 5(6) 3(-1)
1659w(6) 11(-1) 9(7) 5(5) 4(9) 3(-1) 1(2)
16591w(2) 11(-1) 9(3) 6(2) 5(5) 4(5)
16591w(2) 11(-1) 9(3) 5(5) 4(5)
16591w(2) 11(-1) 5(5) 4(5)
16591w(2) 11(-1) 4(5)
16591w(2) 11(-1)
1659w(6) 11(-1) 9(7) 5(5) 4(9) 3(-1)
16595w(5) 11(6) 10(6) 9(6) 8(6) 7(6) 6(6) 5(9) 3(6) 2(6) 1(6)
16595w(5) 10(6) 9(6) 8(6) 7(6) 6(6) 5(9) 3(6) 2(6) 1(6)
16595w(5) 9(6) 8(6) 7(6) 6(6) 5(9) 3(6) 2(6) 1(6)
16595w(5) 8(6) 7(6) 6(6) 5(9) 3(6) 2(6) 1(6)
16595w(5) 7(6) 6(6) 5(9) 3(6) 2(6) 1(6)
16595w(5) 6(6) 5(9) 3(6) 2(6) 1(6)
16595w(5) 5(9) 3(6) 2(6) 1(6)
16595w(5) 5(9) 2(6) 1(6)
16595w(5) 5(9) 1(6)
16595w(5) 5(9)
16595w(5)
1659w(6) 11(-1) 9(7) 4(9) 3(-1)
16599w(7) 11(-1) 9(7) 5(6) 4(5) 3(-1) 1(2)
16599w(7) 11(-1) 9(7) 5(6) 4(5) 3(-1)
16599w(7) 11(-1) 9(7) 5(6) 3(-1)
16599w(7) 11(-1) 9(7) 3(-1)
16599w(7) 11(-1) 3(-1)
1659w(6) 11(-1) 4(9) 3(-1)
16594w(9) 11(-1) 9(9) 8(-1) 6(9) 3(-1) 1(4)
16594w(9) 11(-1) 9(9) 8(-1) 6(9) 3(-1)
16594w(9) 11(-1) 8(-1) 6(9) 3(-1)
16594w(9) 11(-1) 8(-1) 3(-1)
1659w(6) 11(-1) 3(-1)
165w(7) 11(-1) 8(-1) 6(7) 5(6) 3(-1)
1655w(6) 11(6) 10(6) 9(5) 8(6) 7(6) 6(5) 5(8) 3(6) 2(6) 1(5)
16559w(5) 11(6) 9(6) 7(6) 5(4) 4(2) 3(6) 2(6) 1(6)
16559w(5) 11(6) 9(6) 7(6) 5(4) 3(6) 2(6) 1(6)
16559w(5) 11(6) 9(6) 7(6) 3(6) 2(6) 1(6)
16559w(5) 9(6) 7(6) 3(6) 2(6) 1(6)
16559w(5) 7(6) 3(6) 2(6) 1(6)
16559w(5) 3(6) 2(6) 1(6)
16559w(5) 2(6) 1(6)
16559w(5) 1(6)
16559w(5)
1655w(6) 11(6) 10(6) 8(6) 7(6) 6(5) 5(8) 3(6) 2(6) 1(5)
16556w(5) 10(6) 8(6) 6(6) 5(4) 4(2) 3(6) 2(6) 1(6)
16556w(5) 10(6) 8(6) 6(6) 5(4) 3(6) 2(6) 1(6)
16556w(5) 10(6) 8(6) 6(6) 3(6) 2(6) 1(6)
16556w(5) 8(6) 6(6) 3(6) 2(6) 1(6)
16556w(5) 6(6) 3(6) 2(6) 1(6)
16556w(5) 3(6) 2(6) 1(6)
16556w(5) 2(6) 1(6)
16556w(5) 1(6)
16556w(5)
1655w(6) 11(6) 10(6) 8(6) 7(6) 5(8) 3(6) 2(6) 1(5)
16551w(5) 11(6) 10(6) 9(6) 8(6) 7(6) 6(6) 5(4) 4(2)
16551w(5) 11(6) 10(6) 9(6) 8(6) 7(6) 6(6) 5(4)
16551w(5) 11(6) 10(6) 9(6) 8(6) 7(6) 6(6)
16551w(5) 10(6) 9(6) 8(6) 7(6) 6(6)
16551w(5) 9(6) 8(6) 7(6) 6(6)
16551w(5) 8(6) 7(6) 6(6)
16551w(5) 7(6) 6(6)
16551w(5) 6(6)
16551w(5)
1655w(6) 11(6) 10(6) 8(6) 7(6) 5(8) 3(6) 2(6)
1655;w(6) 11(6) 10(5) 9(6) 5(9) 4(6) 3(6) 2(5) 1(6)
1655;w(6) 11(6) 9(6) 5(9) 4(6) 3(6) 2(5) 1(6)
1655;w(6) 11(6) 9(6) 5(9) 4(6) 3(6) 1(6)
1655;w(6) 9(6) 5(9) 4(6) 3(6) 1(6)
1655;w(6) 5(9) 4(6) 3(6) 1(6)
1655;w(6) 5(9) 3(6) 1(6)
1655;w(6) 5(9) 1(6)
1655;w(6) 5(9)
1655;w(6)
1655w(6) 10(6) 8(6) 7(6) 5(8) 3(6) 2(6)
1655:w(6) 11(5) 10(6) 6(6) 5(5) 4(3) 3(5) 2(6) 1(6)
1655:w(6) 11(5) 10(6) 6(6) 5(5) 3(5) 2(6) 1(6)
1655:w(6) 10(6) 6(6) 5(5) 3(5) 2(6) 1(6)
1655:w(6) 10(6) 6(6) 3(5) 2(6) 1(6)
1655:w(6) 10(6) 6(6) 2(6) 1(6)
1655:w(6) 6(6) 2(6) 1(6)
1655:w(6) 2(6) 1(6)
1655:w(6) 1(6)
1655:w(6)
1655w(6) 8(6) 7(6) 5(8) 3(6) 2(6)
16558w(6) 8(6) 7(5) 6(6) 5(9) 4(6) 3(6) 2(5) 1(6)
16558w(6) 8(6) 6(6) 5(9) 4(6) 3(6) 2(5) 1(6)
16558w(6) 8(6) 6(6) 5(9) 4(6) 3(6) 1(6)
16558w(6) 6(6) 5(9) 4(6) 3(6) 1(6)
16558w(6) 5(9) 4(6) 3(6) 1(6)
16558w(6) 5(9) 3(6) 1(6)
16558w(6) 5(9) 1(6)
16558w(6) 5(9)
16558w(6)
1655w(6) 7(6) 5(8) 3(6) 2(6)
16557w(6) 9(6) 8(5) 7(6) 5(5) 4(3) 3(5) 2(6) 1(6)
16557w(6) 9(6) 8(5) 7(6) 5(5) 3(5) 2(6) 1(6)
16557w(6) 9(6) 7(6) 5(5) 3(5) 2(6) 1(6)
16557w(6) 9(6) 7(6) 3(5) 2(6) 1(6)
16557w(6) 9(6) 7(6) 2(6) 1(6)
16557w(6) 7(6) 2(6) 1(6)
16557w(6) 2(6) 1(6)
16557w(6) 1(6)
16557w(6)
1655w(6) 5(8) 3(6) 2(6)
16553w(6) 11(6) 10(5) 9(6) 8(6) 7(5) 6(6) 5(9) 4(6)
16553w(6) 11(6) 9(6) 8(6) 7(5) 6(6) 5(9) 4(6)
16553w(6) 11(6) 9(6) 8(6) 6(6) 5(9) 4(6)
16553w(6) 9(6) 8(6) 6(6) 5(9) 4(6)
16553w(6) 8(6) 6(6) 5(9) 4(6)
16553w(6) 6(6) 5(9) 4(6)
16553w(6) 5(9) 4(6)
16553w(6) 5(9)
16553w(6)
1655w(6) 5(8) 2(6)
16552w(6) 11(5) 10(6) 9(6) 8(5) 7(6) 6(6) 5(5) 4(3)
16552w(6) 11(5) 10(6) 9(6) 8(5) 7(6) 6(6) 5(5)
16552w(6) 10(6) 9(6) 8(5) 7(6) 6(6) 5(5)
16552w(6) 10(6) 9(6) 7(6) 6(6) 5(5)
16552w(6) 10(6) 9(6) 7(6) 6(6)
16552w(6) 9(6) 7(6) 6(6)
16552w(6) 7(6) 6(6)
16552w(6) 6(6)
16552w(6)
1655w(6) 5(8)
16555w(8) 11(-1) 10(8) 8(-1) 7(8) 5(7) 3(-1) 2(4)
16555w(8) 11(-1) 10(8) 8(-1) 7(8) 5(7) 3(-1)
16555w(8) 11(-1) 10(8) 8(-1) 7(8) 3(-1)
16555w(8) 11(-1) 8(-1) 7(8) 3(-1)
16555w(8) 11(-1) 8(-1) 3(-1)
1655w(6)
165w(7) 11(-1) 8(-1) 6(7) 3(-1)
1656w(7) 8(-1) 6(6) 5(6) 4(5) 3(-1) 1(2)
16561w(2) 9(2) 8(-1) 6(3) 5(6) 4(4)
16561w(2) 8(-1) 6(3) 5(6) 4(4)
16561w(2) 8(-1) 5(6) 4(4)
16561w(2) 8(-1) 5(6)
16561w(2) 8(-1)
1656w(7) 8(-1) 6(6) 5(6) 4(5) 3(-1)
16564w(5) 11(-1) 9(4) 8(-1) 6(5) 3(-1) 1(9)
16564w(5) 11(-1) 8(-1) 6(5) 3(-1) 1(9)
16564w(5) 11(-1) 8(-1) 3(-1) 1(9)
16564w(5) 11(-1) 8(-1) 3(-1)
1656w(7) 8(-1) 6(6) 5(6) 3(-1)
16566w(6) 8(-1) 6(7) 5(5) 4(9) 3(-1) 1(2)
16566w(6) 8(-1) 6(7) 5(5) 4(9) 3(-1)
16566w(6) 8(-1) 6(7) 4(9) 3(-1)
16566w(6) 8(-1) 4(9) 3(-1)
16566w(6) 8(-1) 3(-1)
1656w(7) 8(-1) 5(6) 3(-1)
16565w(6) 11(6) 10(6) 9(6) 8(6) 7(6) 6(6) 5(4) 3(6) 2(6) 1(6)
16565w(6) 11(6) 10(6) 9(6) 8(6) 7(6) 6(6) 3(6) 2(6) 1(6)
16565w(6) 10(6) 9(6) 8(6) 7(6) 6(6) 3(6) 2(6) 1(6)
16565w(6) 9(6) 8(6) 7(6) 6(6) 3(6) 2(6) 1(6)
16565w(6) 8(6) 7(6) 6(6) 3(6) 2(6) 1(6)
16565w(6) 7(6) 6(6) 3(6) 2(6) 1(6)
16565w(6) 6(6) 3(6) 2(6) 1(6)
16565w(6) 3(6) 2(6) 1(6)
16565w(6) 2(6) 1(6)
16565w(6) 1(6)
16565w(6)
1656w(7) 8(-1) 3(-1)
165w(7) 11(-1) 8(-1) 3(-1)
16w(5) 8(-1) 3(-1)
1w(4) 11(-1) 8(-1) 5(6)
15w(6) 11(-1) 9(6) 8(-1) 6(6) 5(6) 3(-1) 1(2)
151w(2) 11(-1) 9(3) 8(-1) 6(2) 5(6) 4(5)
1516w(2) 8(-1) 6(3) 5(6) 4(0) 3(-1) 1(6)
15164 mejor tns: 0
1516w(2) 8(-1) 6(3) 5(6) 3(-1) 1(6)
1516w(2) 8(-1) 5(6) 3(-1) 1(6)
1516w(2) 8(-1) 3(-1) 1(6)
1516w(2) 8(-1) 3(-1)
151w(2) 11(-1) 9(3) 8(-1) 5(6) 4(5)
151w(2) 11(-1) 8(-1) 5(6) 4(5)
151w(2) 11(-1) 8(-1) 5(6)
151w(2) 11(-1) 8(-1)
15w(6) 11(-1) 9(6) 8(-1) 6(6) 5(6) 3(-1)
159w(6) 11(-1) 9(6) 5(6) 4(4) 3(-1) 1(2)
159w(6) 11(-1) 9(6) 5(6) 4(4) 3(-1)
159w(6) 11(-1) 9(6) 5(6) 3(-1)
159w(6) 11(-1) 5(6) 3(-1)
159w(6) 11(-1) 3(-1)
15w(6) 11(-1) 8(-1) 6(6) 5(6) 3(-1)
156w(6) 8(-1) 6(6) 5(6) 4(9) 3(-1) 1(3)
156w(6) 8(-1) 6(6) 5(6) 4(9) 3(-1)
156w(6) 8(-1) 5(6) 4(9) 3(-1)
156w(6) 8(-1) 4(9) 3(-1)
156w(6) 8(-1) 3(-1)
15w(6) 11(-1) 8(-1) 5(6) 3(-1)
155w(6) 11(6) 10(5) 9(6) 8(6) 7(5) 6(6) 5(5) 3(6) 2(5) 1(6)
155w(6) 11(6) 9(6) 8(6) 7(5) 6(6) 5(5) 3(6) 2(5) 1(6)
155w(6) 11(6) 9(6) 8(6) 6(6) 5(5) 3(6) 2(5) 1(6)
155w(6) 11(6) 9(6) 8(6) 6(6) 3(6) 2(5) 1(6)
155w(6) 11(6) 9(6) 8(6) 6(6) 3(6) 1(6)
155w(6) 9(6) 8(6) 6(6) 3(6) 1(6)
155w(6) 8(6) 6(6) 3(6) 1(6)
155w(6) 6(6) 3(6) 1(6)
155w(6) 3(6) 1(6)
155w(6) 1(6)
155w(6)
15w(6) 11(-1) 8(-1) 3(-1)
1w(4) 11(-1) 8(-1)
w(9) 11(-1) 9(9) 8(-1) 6(9) 5(6) 3(-1)
5w(6) 11(-1) 9(7) 8(-1) 6(7) 5(5) 3(-1) 1(2)
51w(2) 11(-1) 9(3) 8(-1) 6(2) 5(5) 4(5)
516w(2) 8(-1) 6(3) 5(6) 4(4) 3(-1) 1(7)
516w(2) 8(-1) 5(6) 4(4) 3(-1) 1(7)
516w(2) 8(-1) 5(6) 3(-1) 1(7)
516w(2) 8(-1) 3(-1) 1(7)
51w(2) 11(-1) 9(3) 8(-1) 5(5) 4(5)
519w(3) 11(-1) 9(2) 5(6) 4(1) 3(-1) 1(7)
519w(3) 11(-1) 9(2) 5(6) 3(-1) 1(7)
519w(3) 11(-1) 5(6) 3(-1) 1(7)
519w(3) 11(-1) 3(-1) 1(7)
519w(3) 11(-1) 3(-1)
51w(2) 11(-1) 8(-1) 5(5) 4(5)
515w(5) 11(6) 10(6) 9(6) 8(6) 7(6) 6(6) 5(4) 3(6) 2(6) 1(6)
515w(5) 11(6) 10(6) 9(6) 8(6) 7(6) 6(6) 3(6) 2(6) 1(6)
515w(5) 10(6) 9(6) 8(6) 7(6) 6(6) 3(6) 2(6) 1(6)
515w(5) 9(6) 8(6) 7(6) 6(6) 3(6) 2(6) 1(6)
515w(5) 8(6) 7(6) 6(6) 3(6) 2(6) 1(6)
515w(5) 7(6) 6(6) 3(6) 2(6) 1(6)
515w(5) 6(6) 3(6) 2(6) 1(6)
515w(5) 3(6) 2(6) 1(6)
515w(5) 2(6) 1(6)
515w(5) 1(6)
515w(5)
51w(2) 11(-1) 8(-1) 4(5)
514w(5) 11(-1) 9(5) 8(-1) 6(5) 3(-1) 1(5)
514w(5) 11(-1) 8(-1) 6(5) 3(-1) 1(5)
514w(5) 11(-1) 8(-1) 3(-1) 1(5)
514w(5) 11(-1) 8(-1) 3(-1)
51w(2) 11(-1) 8(-1)
5w(6) 11(-1) 9(7) 8(-1) 6(7) 5(5) 3(-1)
55w(5) 11(6) 10(6) 9(6) 8(6) 7(6) 6(6) 5(9) 3(6) 2(6) 1(6)
55;w(6) 11(5) 10(6) 9(6) 5(5) 4(2) 3(5) 2(6) 1(6)
55;w(6) 11(5) 10(6) 9(6) 5(5) 3(5) 2(6) 1(6)
55;w(6) 10(6) 9(6) 5(5) 3(5) 2(6) 1(6)
55;w(6) 10(6) 9(6) 3(5) 2(6) 1(6)
55;w(6) 10(6) 9(6) 2(6) 1(6)
55;w(6) 9(6) 2(6) 1(6)
55;w(6) 2(6) 1(6)
55;w(6) 1(6)
55;w(6)
55w(5) 10(6) 9(6) 8(6) 7(6) 6(6) 5(9) 3(6) 2(6) 1(6)
55:w(6) 11(6) 10(5) 6(6) 5(5) 4(6) 3(6) 2(5) 1(6)
55:w(6) 11(6) 6(6) 5(5) 4(6) 3(6) 2(5) 1(6)
55:w(6) 11(6) 6(6) 4(6) 3(6) 2(5) 1(6)
55:w(6) 11(6) 6(6) 4(6) 3(6) 1(6)
55:w(6) 6(6) 4(6) 3(6) 1(6)
55:w(6) 4(6) 3(6) 1(6)
55:w(6) 3(6) 1(6)
55:w(6) 1(6)
55:w(6)
55w(5) 9(6) 8(6) 7(6) 6(6) 5(9) 3(6) 2(6) 1(6)
559w(6) 11(6) 9(5) 7(6) 5(9) 4(2) 3(6) 2(6) 1(5)
559w(6) 11(6) 9(5) 7(6) 5(9) 3(6) 2(6) 1(5)
559w(6) 11(6) 7(6) 5(9) 3(6) 2(6) 1(5)
559w(6) 11(6) 7(6) 5(9) 3(6) 2(6)
559w(6) 7(6) 5(9) 3(6) 2(6)
559w(6) 5(9) 3(6) 2(6)
559w(6) 5(9) 2(6)
559w(6) 5(9)
559w(6)
55w(5) 8(6) 7(6) 6(6) 5(9) 3(6) 2(6) 1(6)
558w(6) 8(5) 7(6) 6(6) 5(5) 4(2) 3(5) 2(6) 1(6)
558w(6) 8(5) 7(6) 6(6) 5(5) 3(5) 2(6) 1(6)
558w(6) 7(6) 6(6) 5(5) 3(5) 2(6) 1(6)
558w(6) 7(6) 6(6) 3(5) 2(6) 1(6)
558w(6) 7(6) 6(6) 2(6) 1(6)
558w(6) 6(6) 2(6) 1(6)
558w(6) 2(6) 1(6)
558w(6) 1(6)
558w(6)
55w(5) 7(6) 6(6) 5(9) 3(6) 2(6) 1(6)
557w(6) 9(6) 8(6) 7(5) 5(5) 4(6) 3(6) 2(5) 1(6)
557w(6) 9(6) 8(6) 5(5) 4(6) 3(6) 2(5) 1(6)
557w(6) 9(6) 8(6) 4(6) 3(6) 2(5) 1(6)
557w(6) 9(6) 8(6) 4(6) 3(6) 1(6)
557w(6) 8(6) 4(6) 3(6) 1(6)
557w(6) 4(6) 3(6) 1(6)
557w(6) 3(6) 1(6)
557w(6) 1(6)
557w(6)
55w(5) 6(6) 5(9) 3(6) 2(6) 1(6)
556w(6) 10(6) 8(6) 6(5) 5(9) 4(2) 3(6) 2(6) 1(5)
556w(6) 10(6) 8(6) 6(5) 5(9) 3(6) 2(6) 1(5)
556w(6) 10(6) 8(6) 5(9) 3(6) 2(6) 1(5)
556w(6) 10(6) 8(6) 5(9) 3(6) 2(6)
556w(6) 8(6) 5(9) 3(6) 2(6)
556w(6) 5(9) 3(6) 2(6)
556w(6) 5(9) 2(6)
556w(6) 5(9)
556w(6)
55w(5) 5(9) 3(6) 2(6) 1(6)
553w(6) 11(5) 10(6) 9(6) 8(5) 7(6) 6(6) 5(5) 4(2)
553w(6) 11(5) 10(6) 9(6) 8(5) 7(6) 6(6) 5(5)
553w(6) 10(6) 9(6) 8(5) 7(6) 6(6) 5(5)
553w(6) 10(6) 9(6) 7(6) 6(6) 5(5)
553w(6) 10(6) 9(6) 7(6) 6(6)
553w(6) 9(6) 7(6) 6(6)
553w(6) 7(6) 6(6)
553w(6) 6(6)
553w(6)
55w(5) 5(9) 2(6) 1(6)
552w(6) 11(6) 10(5) 9(6) 8(6) 7(5) 6(6) 5(5) 4(6)
552w(6) 11(6) 9(6) 8(6) 7(5) 6(6) 5(5) 4(6)
552w(6) 11(6) 9(6) 8(6) 6(6) 5(5) 4(6)
552w(6) 11(6) 9(6) 8(6) 6(6) 4(6)
552w(6) 9(6) 8(6) 6(6) 4(6)
552w(6) 8(6) 6(6) 4(6)
552w(6) 6(6) 4(6)
552w(6) 4(6)
552w(6)
55w(5) 5(9) 1(6)
551w(6) 11(6) 10(6) 9(5) 8(6) 7(6) 6(5) 5(9) 4(2)
551w(6) 11(6) 10(6) 9(5) 8(6) 7(6) 6(5) 5(9)
551w(6) 11(6) 10(6) 8(6) 7(6) 6(5) 5(9)
551w(6) 11(6) 10(6) 8(6) 7(6) 5(9)
551w(6) 10(6) 8(6) 7(6) 5(9)
551w(6) 8(6) 7(6) 5(9)
551w(6) 7(6) 5(9)
551w(6) 5(9)
551w(6)
55w(5) 5(9)
555w(9) 11(-1) 10(9) 8(-1) 7(9) 5(12) 3(-1) 2(4)
555w(9) 11(-1) 10(9) 8(-1) 7(9) 5(12) 3(-1)
555w(9) 11(-1) 8(-1) 7(9) 5(12) 3(-1)
555w(9) 11(-1) 8(-1) 5(12) 3(-1)
555w(9) 11(-1) 8(-1) 3(-1)
55w(5)
5w(6) 11(-1) 9(7) 8(-1) 6(7) 3(-1)
59w(7) 11(-1) 9(7) 5(6) 4(5) 3(-1) 1(2)
591w(2) 11(-1) 9(2) 6(3) 5(6) 4(4)
591w(2) 11(-1) 6(3) 5(6) 4(4)
591w(2) 11(-1) 5(6) 4(4)
591w(2) 11(-1) 5(6)
591w(2) 11(-1)
59w(7) 11(-1) 9(7) 5(6) 4(5) 3(-1)
594w(5) 11(-1) 9(4) 8(-1) 6(5) 3(-1) 1(9)
594w(5) 11(-1) 8(-1) 6(5) 3(-1) 1(9)
594w(5) 11(-1) 8(-1) 3(-1) 1(9)
594w(5) 11(-1) 8(-1) 3(-1)
59w(7) 11(-1) 9(7) 5(6) 3(-1)
595w(6) 11(6) 10(6) 9(6) 8(6) 7(6) 6(6) 5(4) 3(6) 2(6) 1(6)
595w(6) 11(6) 10(6) 9(6) 8(6) 7(6) 6(6) 3(6) 2(6) 1(6)
595w(6) 10(6) 9(6) 8(6) 7(6) 6(6) 3(6) 2(6) 1(6)
595w(6) 9(6) 8(6) 7(6) 6(6) 3(6) 2(6) 1(6)
595w(6) 8(6) 7(6) 6(6) 3(6) 2(6) 1(6)
595w(6) 7(6) 6(6) 3(6) 2(6) 1(6)
595w(6) 6(6) 3(6) 2(6) 1(6)
595w(6) 3(6) 2(6) 1(6)
595w(6) 2(6) 1(6)
595w(6) 1(6)
595w(6)
59w(7) 11(-1) 9(7) 3(-1)
599w(7) 11(-1) 9(6) 5(6) 4(5) 3(-1) 1(3)
599w(7) 11(-1) 9(6) 5(6) 4(5) 3(-1)
599w(7) 11(-1) 9(6) 5(6) 3(-1)
599w(7) 11(-1) 5(6) 3(-1)
599w(7) 11(-1) 3(-1)
59w(7) 11(-1) 3(-1)
5w(6) 11(-1) 8(-1) 6(7) 3(-1)
56w(7) 8(-1) 6(7) 5(6) 4(5) 3(-1) 1(3)
561w(3) 9(2) 8(-1) 6(2) 5(6) 4(1)
561w(3) 9(2) 8(-1) 6(2) 5(6)
561w(3) 8(-1) 6(2) 5(6)
561w(3) 8(-1) 5(6)
561w(3) 8(-1)
56w(7) 8(-1) 6(7) 5(6) 4(5) 3(-1)
564w(5) 11(-1) 9(4) 8(-1) 6(5) 3(-1) 1(4)
564w(5) 11(-1) 8(-1) 6(5) 3(-1) 1(4)
564w(5) 11(-1) 8(-1) 6(5) 3(-1)
564w(5) 11(-1) 8(-1) 3(-1)
56w(7) 8(-1) 6(7) 5(6) 3(-1)
565w(6) 11(6) 10(6) 9(5) 8(6) 7(6) 6(5) 5(8) 3(6) 2(6) 1(5)
565w(6) 11(6) 10(6) 8(6) 7(6) 6(5) 5(8) 3(6) 2(6) 1(5)
565w(6) 11(6) 10(6) 8(6) 7(6) 5(8) 3(6) 2(6) 1(5)
565w(6) 11(6) 10(6) 8(6) 7(6) 5(8) 3(6) 2(6)
565w(6) 10(6) 8(6) 7(6) 5(8) 3(6) 2(6)
565w(6) 8(6) 7(6) 5(8) 3(6) 2(6)
565w(6) 7(6) 5(8) 3(6) 2(6)
565w(6) 5(8) 3(6) 2(6)
565w(6) 5(8) 2(6)
565w(6) 5(8)
565w(6)
56w(7) 8(-1) 6(7) 3(-1)
566w(7) 8(-1) 6(6) 5(6) 4(5) 3(-1) 1(2)
566w(7) 8(-1) 6(6) 5(6) 4(5) 3(-1)
566w(7) 8(-1) 6(6) 5(6) 3(-1)
566w(7) 8(-1) 5(6) 3(-1)
566w(7) 8(-1) 3(-1)
56w(7) 8(-1) 3(-1)
5w(6) 11(-1) 8(-1) 3(-1)
w(9) 11(-1) 9(9) 8(-1) 6(9) 3(-1)
9w(9) 11(-1) 9(9) 5(7) 3(-1) 1(5)
91w(5) 11(-1) 9(4) 6(5) 5(7)
919w(4) 11(-1) 9(5) 5(3) 3(-1) 1(5)
919w(4) 11(-1) 9(5) 3(-1) 1(5)
919w(4) 11(-1) 3(-1) 1(5)
919w(4) 11(-1) 3(-1)
91w(5) 11(-1) 6(5) 5(7)
916w(5) 6(5) 5(7) 3(-1) 1(5)
916w(5) 5(7) 3(-1) 1(5)
916w(5) 5(7) 3(-1)
916w(5) 3(-1)
91w(5) 11(-1) 5(7)
915w(7) 11(-1) 9(7) 8(-1) 6(6) 5(6) 3(-1) 1(2)
915w(7) 11(-1) 9(7) 8(-1) 6(6) 5(6) 3(-1)
915w(7) 11(-1) 9(7) 8(-1) 5(6) 3(-1)
915w(7) 11(-1) 9(7) 8(-1) 3(-1)
915w(7) 11(-1) 8(-1) 3(-1)
91w(5) 11(-1)
9w(9) 11(-1) 9(9) 5(7) 3(-1)
95w(7) 11(-1) 9(7) 8(-1) 6(7) 5(6) 3(-1) 1(2)
951w(2) 11(-1) 9(3) 8(-1) 6(3) 5(6) 4(5)
951w(2) 11(-1) 8(-1) 6(3) 5(6) 4(5)
951w(2) 11(-1) 8(-1) 5(6) 4(5)
951w(2) 11(-1) 8(-1) 5(6)
951w(2) 11(-1) 8(-1)
95w(7) 11(-1) 9(7) 8(-1) 6(7) 5(6) 3(-1)
955w(6) 11(6) 10(6) 9(6) 8(6) 7(6) 6(6) 5(8) 3(6) 2(6) 1(6)
955w(6) 10(6) 9(6) 8(6) 7(6) 6(6) 5(8) 3(6) 2(6) 1(6)
955w(6) 9(6) 8(6) 7(6) 6(6) 5(8) 3(6) 2(6) 1(6)
955w(6) 8(6) 7(6) 6(6) 5(8) 3(6) 2(6) 1(6)
955w(6) 7(6) 6(6) 5(8) 3(6) 2(6) 1(6)
955w(6) 6(6) 5(8) 3(6) 2(6) 1(6)
955w(6) 5(8) 3(6) 2(6) 1(6)
955w(6) 5(8) 2(6) 1(6)
955w(6) 5(8) 1(6)
955w(6) 5(8)
955w(6)
95w(7) 11(-1) 9(7) 8(-1) 6(7) 3(-1)
959w(7) 11(-1) 9(7) 5(6) 4(5) 3(-1) 1(3)
959w(7) 11(-1) 9(7) 5(6) 4(5) 3(-1)
959w(7) 11(-1) 9(7) 5(6) 3(-1)
959w(7) 11(-1) 9(7) 3(-1)
959w(7) 11(-1) 3(-1)
95w(7) 11(-1) 8(-1) 6(7) 3(-1)
956w(7) 8(-1) 6(7) 5(5) 4(5) 3(-1) 1(3)
956w(7) 8(-1) 6(7) 5(5) 4(5) 3(-1)
956w(7) 8(-1) 6(7) 4(5) 3(-1)
956w(7) 8(-1) 6(7) 3(-1)
956w(7) 8(-1) 3(-1)
95w(7) 11(-1) 8(-1) 3(-1)
9w(9) 11(-1) 9(9) 3(-1)
99w(9) 11(-1) 9(9) 5(7) 3(-1) 1(5)
991w(5) 11(-1) 9(5) 6(5) 5(7)
991w(5) 11(-1) 6(5) 5(7)
991w(5) 11(-1) 5(7)
991w(5) 11(-1)
99w(9) 11(-1) 9(9) 5(7) 3(-1)
995w(7) 11(-1) 9(6) 8(-1) 6(6) 5(6) 3(-1) 1(3)
995w(7) 11(-1) 9(6) 8(-1) 6(6) 5(6) 3(-1)
995w(7) 11(-1) 8(-1) 6(6) 5(6) 3(-1)
995w(7) 11(-1) 8(-1) 5(6) 3(-1)
995w(7) 11(-1) 8(-1) 3(-1)
99w(9) 11(-1) 9(9) 3(-1)
999w(9) 11(-1) 9(9) 5(6) 3(-1) 1(5)
999w(9) 11(-1) 9(9) 5(6) 3(-1)
999w(9) 11(-1) 9(9) 3(-1)
999w(9) 11(-1) 3(-1)
99w(9) 11(-1) 3(-1)
9w(9) 11(-1) 3(-1)
w(9) 11(-1) 8(-1) 6(9) 3(-1)
6w(9) 8(-1) 6(9) 5(6) 3(-1) 1(5)
61w(5) 9(5) 8(-1) 6(4) 5(6)
616w(4) 8(-1) 6(5) 5(6) 3(-1) 1(5)
616w(4) 8(-1) 5(6) 3(-1) 1(5)
616w(4) 8(-1) 5(6) 3(-1)
616w(4) 8(-1) 3(-1)
61w(5) 9(5) 8(-1) 5(6)
619w(5) 9(5) 5(2) 3(-1) 1(5)
619w(5) 9(5) 3(-1) 1(5)
619w(5) 3(-1) 1(5)
619w(5) 3(-1)
61w(5) 8(-1) 5(6)
615w(6) 11(-1) 9(6) 8(-1) 6(7) 5(6) 3(-1) 1(3)
615w(6) 11(-1) 9(6) 8(-1) 6(7) 5(6) 3(-1)
615w(6) 11(-1) 8(-1) 6(7) 5(6) 3(-1)
615w(6) 11(-1) 8(-1) 6(7) 3(-1)
615w(6) 11(-1) 8(-1) 3(-1)
61w(5) 8(-1)
6w(9) 8(-1) 6(9) 5(6) 3(-1)
65w(6) 11(-1) 9(6) 8(-1) 6(6) 5(6) 3(-1) 1(3)
651w(3) 11(-1) 9(2) 8(-1) 6(2) 5(6) 4(5)
651w(3) 11(-1) 8(-1) 6(2) 5(6) 4(5)
651w(3) 11(-1) 8(-1) 5(6) 4(5)
651w(3) 11(-1) 8(-1) 5(6)
651w(3) 11(-1) 8(-1)
65w(6) 11(-1) 9(6) 8(-1) 6(6) 5(6) 3(-1)
659w(6) 11(-1) 9(6) 5(6) 4(4) 3(-1) 1(2)
659w(6) 11(-1) 9(6) 5(6) 4(4) 3(-1)
659w(6) 11(-1) 9(6) 5(6) 3(-1)
659w(6) 11(-1) 5(6) 3(-1)
659w(6) 11(-1) 3(-1)
65w(6) 11(-1) 8(-1) 6(6) 5(6) 3(-1)
656w(6) 8(-1) 6(6) 5(6) 4(4) 3(-1) 1(2)
656w(6) 8(-1) 6(6) 5(6) 4(4) 3(-1)
656w(6) 8(-1) 6(6) 5(6) 3(-1)
656w(6) 8(-1) 5(6) 3(-1)
656w(6) 8(-1) 3(-1)
65w(6) 11(-1) 8(-1) 5(6) 3(-1)
655w(6) 11(6) 10(6) 9(6) 8(6) 7(6) 6(6) 5(9) 3(6) 2(6) 1(6)
655w(6) 10(6) 9(6) 8(6) 7(6) 6(6) 5(9) 3(6) 2(6) 1(6)
655w(6) 9(6) 8(6) 7(6) 6(6) 5(9) 3(6) 2(6) 1(6)
655w(6) 8(6) 7(6) 6(6) 5(9) 3(6) 2(6) 1(6)
655w(6) 7(6) 6(6) 5(9) 3(6) 2(6) 1(6)
655w(6) 6(6) 5(9) 3(6) 2(6) 1(6)
655w(6) 5(9) 3(6) 2(6) 1(6)
655w(6) 5(9) 2(6) 1(6)
655w(6) 5(9) 1(6)
655w(6) 5(9)
655w(6)
65w(6) 11(-1) 8(-1) 3(-1)
6w(9) 8(-1) 6(9) 3(-1)
66w(9) 8(-1) 6(9) 5(7) 3(-1) 1(5)
661w(5) 9(5) 8(-1) 6(5) 5(7)
661w(5) 8(-1) 6(5) 5(7)
661w(5) 8(-1) 5(7)
661w(5) 8(-1)
66w(9) 8(-1) 6(9) 5(7) 3(-1)
665w(7) 11(-1) 9(6) 8(-1) 6(6) 5(6) 3(-1) 1(3)
665w(7) 11(-1) 9(6) 8(-1) 6(6) 5(6) 3(-1)
665w(7) 11(-1) 8(-1) 6(6) 5(6) 3(-1)
665w(7) 11(-1) 8(-1) 5(6) 3(-1)
665w(7) 11(-1) 8(-1) 3(-1)
66w(9) 8(-1) 6(9) 3(-1)
666w(9) 8(-1) 6(9) 5(7) 3(-1) 1(5)
666w(9) 8(-1) 6(9) 5(7) 3(-1)
666w(9) 8(-1) 6(9) 3(-1)
666w(9) 8(-1) 3(-1)
66w(9) 8(-1) 3(-1)
6w(9) 8(-1) 3(-1)
w(9) 11(-1) 8(-1) 3(-1)
FORWARD sa
pb
sa
ra
pa
