
./push_swap 20 18 11 1 3 5 6 17 9 0 12 14 10 15 16 13 8 7 19 2 4

separate: stk 0, tmp 21, sgn 1, bit 5
separate: stk 0, tmp 8, sgn 1, bit 3
order_last: stk 0, tmp 3, sgn 1
min: 18

a: 20 18 19 // b: 13 16 15 14 17 4 2 7 8 10 12 0 9 6 5 3 1 11
a: 18 19 20 // b: 17 -2 -3 -4 -5 -6 -7 -8 -9 -10 -11 -12 -13 -14 -15 -16 -17 -18 (pos)
[AQUÍ VALDRÍA 9(rra), PERO LO DESCARTA PROBABLEMENTE PORQUE ACABA  DE HACER 6(ra)]

 min=18, mejor tns: 4 (29 steps) 66555556555656665565566555556
-_-

a: 18 20 19 // b: 13 16 15 14 17 4 2 7 8 10 12 0 9 6 5 3 1 11
a: 18 19 20 // b: 17 -2 -3 -4 -5 -6 -7 -8 -9 -10 -11 -12 -13 -14 -15 -16 -17 -18 (pos)


 min=18, mejor tns: 3 (30 steps) 665555565556566655655665555561
---

a: 18 19 20 // b: 13 16 15 14 17 4 2 7 8 10 12 0 9 6 5 3 1 11
a: 18 19 20 // b: 17 -2 -3 -4 -5 -6 -7 -8 -9 -10 -11 -12 -13 -14 -15 -16 -17 -18 (pos)


 min=18, mejor tns: 0 (32 steps) 66555556555656665565566555556191
---
order_last: stk 1, tmp 5, sgn 1
min: 13

a: 18 19 20 // b: 13 16 15 14 17 4 2 7 8 10 12 0 9 6 5 3 1 11
a: 13 19 20 // b: 12 11 10 9 8 -6 -7 -8 -9 -10 -11 -12 -13 -14 -15 -16 -17 -18 (pos)


 min=13, mejor tns: 88 (32 steps) 66555556555656665565566555556191
-_-

a: 13 18 19 20 // b: 16 15 14 17 4 2 7 8 10 12 0 9 6 5 3 1 11
a: 13 13 19 20 // b: 12 11 10 9 -6 -7 -8 -9 -10 -11 -12 -13 -14 -15 -16 -17 -18 (pos)


 min=13, mejor tns: 85 (33 steps) 665555565556566655655665555561914
---

a: 16 13 18 19 20 // b: 15 14 17 4 2 7 8 10 12 0 9 6 5 3 1 11
a: 13 14 13 19 20 // b: 12 11 10 -6 -7 -8 -9 -10 -11 -12 -13 -14 -15 -16 -17 -18 (pos)


 min=13, mejor tns: 82 (34 steps) 6655555655565666556556655555619144
---

a: 15 16 13 18 19 20 // b: 14 17 4 2 7 8 10 12 0 9 6 5 3 1 11
a: 13 14 15 13 19 20 // b: 12 11 -6 -7 -8 -9 -10 -11 -12 -13 -14 -15 -16 -17 -18 (pos)


 min=13, mejor tns: 79 (35 steps) 66555556555656665565566555556191444
---

a: 14 15 16 13 18 19 20 // b: 17 4 2 7 8 10 12 0 9 6 5 3 1 11
a: 13 14 15 16 13 19 20 // b: 12 -6 -7 -8 -9 -10 -11 -12 -13 -14 -15 -16 -17 -18 (pos)


 min=13, mejor tns: 77 (36 steps) 665555565556566655655665555561914444
---

a: 17 14 15 16 13 18 19 20 // b: 4 2 7 8 10 12 0 9 6 5 3 1 11
a: 13 14 15 16 17 13 19 20 // b: 12 -7 -8 -9 -10 -11 -12 -13 -14 -15 -16 -17 -18 (pos)


 min=13, mejor tns: 9 (37 steps) 6655555655565666556556655555619144444
---

a: 14 15 16 13 18 19 20 17 // b: 4 2 7 8 10 12 0 9 6 5 3 1 11
a: 13 14 15 16 13 19 20 12 // b: 12 -7 -8 -9 -10 -11 -12 -13 -14 -15 -16 -17 -18 (pos)


 min=13, mejor tns: 7 (38 steps) 66555556555656665565566555556191444446
---

a: 14 13 15 16 18 19 20 17 // b: 4 2 7 8 10 12 0 9 6 5 3 1 11
a: 13 14 15 16 13 19 20 12 // b: 12 -7 -8 -9 -10 -11 -12 -13 -14 -15 -16 -17 -18 (pos)


 min=13, mejor tns: 5 (47 steps) 66555556555656665565566555556191444464916661919
---

a: 13 15 16 17 18 19 20 14 // b: 4 2 7 8 10 12 0 9 6 5 3 1 11
a: 13 14 15 16 13 19 20 12 // b: 12 -7 -8 -9 -10 -11 -12 -13 -14 -15 -16 -17 -18 (pos)


 min=13, mejor tns: 3 (47 steps) 66555556555656665565566555556191444464161619191
---

a: 13 14 15 16 18 19 20 17 // b: 4 2 7 8 10 12 0 9 6 5 3 1 11
a: 13 14 15 16 13 19 20 12 // b: 12 -7 -8 -9 -10 -11 -12 -13 -14 -15 -16 -17 -18 (pos)


 min=13, mejor tns: 2 (46 steps) 6655555655565666556556655555619144424651446191
---
separate: stk 1, tmp 13, sgn 1, bit 4
order_last: stk 0, tmp 4, sgn 1
min: 8

a: 9 12 10 8 18 19 20 // b: 6 5 3 1 11 13 16 15 14 17 4 2 7 0
a: 8 9 10 11 12 13 14 // b: 7 11 10 9 8 7 6 5 4 3 12 12 12 12 (pos)


 min=8, mejor tns: 19 (45 steps) 665555565556566655655665555561917777777744474
-_-

a: 12 9 10 8 18 19 20 // b: 6 5 3 1 11 13 16 15 14 17 4 2 7 0
a: 8 9 10 11 12 13 14 // b: 7 11 10 9 8 7 6 5 4 3 12 12 12 12 (pos)


 min=8, mejor tns: 18 (46 steps) 6655555655565666556556655555619177777777444741
---

a: 9 10 12 8 18 19 20 // b: 6 5 3 1 11 13 16 15 14 17 4 2 7 0
a: 8 9 10 11 12 13 14 // b: 7 11 10 9 8 7 6 5 4 3 12 12 12 12 (pos)


 min=8, mejor tns: 17 (54 steps) 665555565556566655655665555561917777777744474161916191
---

a: 9 10 8 12 18 19 20 // b: 6 5 3 1 11 13 16 15 14 17 4 2 7 0
a: 8 9 10 11 12 13 14 // b: 7 11 10 9 8 7 6 5 4 3 12 12 12 12 (pos)


 min=8, mejor tns: 13 (59 steps) 66555556555656665565566555556191777777774447416191619166199
---
separate: stk 1, tmp 9, sgn -1, bit 3
order_last: stk 0, tmp 1, sgn 1
min: 7

a: 7 9 12 10 8 18 19 20 // b: 13 16 15 14 17 4 2 0 6 5 3 1 11
a: 7 9 10 11 12 13 14 15 // b: 6 6 5 4 3 2 1 0 7 11 10 9 8 (pos)


 min=7, mejor tns: 0 (55 steps) 665555565556566655655665555561917777777744474::4:::::::
-_-
separate: stk 1, tmp 8, sgn 1, bit 2
order_last: stk 0, tmp 3, sgn 1
min: 4

a: 4 17 16 7 9 12 10 8 18 19 20 // b: 6 5 3 1 11 13 15 14 2 0
a: 4 5 6 10 7 10 11 12 13 14 15 // b: 3 5 4 3 2 6 6 6 6 6 (pos)


 min=4, mejor tns: 12 (63 steps) 665555565556566655655665555561917777777744474::4:::::::74774477
-_-

a: 16 7 9 12 10 8 18 19 20 17 4 // b: 6 5 3 1 11 13 15 14 2 0
a: 4 10 7 10 11 12 13 14 15 2 3 // b: 3 5 4 3 2 6 6 6 6 6 (pos)


 min=4, mejor tns: 9 (66 steps) 665555565556566655655665555561917777777744474::4:::::::74774477166
---

a: 4 7 9 12 10 8 18 19 20 17 16 // b: 6 5 3 1 11 13 15 14 2 0
a: 4 4 7 10 11 12 13 14 15 2 3 // b: 3 5 4 3 2 6 6 6 6 6 (pos)


 min=4, mejor tns: 3 (67 steps) 665555565556566655655665555561917777777744474::4:::::::747744771616
---

a: 16 17 7 9 12 10 8 18 19 20 4 // b: 6 5 3 1 11 13 15 14 2 0
a: 4 5 4 7 10 11 12 13 14 15 3 // b: 3 5 4 3 2 6 6 6 6 6 (pos)


 min=4, mejor tns: 2 (67 steps) 665555565556566655655665555561917777777744474::4:::::::747744775146
---
order_last: stk 1, tmp 5, sgn 1
min: 1

a: 4 17 16 7 9 12 10 8 18 19 20 // b: 6 5 3 1 11 13 15 14 2 0
a: 1 5 6 4 7 10 11 12 13 14 15 // b: 0 -1 -2 -3 -4 -5 -6 -7 -8 -9 (pos)


 min=1, mejor tns: 51 (63 steps) 665555565556566655655665555561917777777744474::4:::::::74774477
-_-
ra
ra
pb
pb
pb
pb
pb
ra
pb
pb
pb
ra
pb
ra
ra
ra
pb
pb
ra
pb
pb
ra
ra
pb
pb
pb
pb
pb
ra
sa
rra
sa
rb
rb
rb
rb
rb
rb
rb
rb
pa
pa
pa
rb
pa
rrb
rrb
pa
rrb
rrb
rrb
rrb
rrb
rrb
rrb
rb
pa
rb
rb
pa
pa
rb
rb
